% Table generated by Excel2LaTeX from sheet 'Sheet1'
%
\begin{table}
   \tiny
   \centering
   \noindent
    \caption[Pearson's {\it r} between replicated TraDIS experiments]{\textbf{Pearson's {\it r} between replicated TraDIS experiments.} Correlations of reads over genic and non-coding RNA features between replicated control and infection assays. Y: \textit{S.} Typhi; M: \textit{S.} Typhimurium; C: Control; I: Infection. }
    \begin{tabular}{ l
    				l
				l
				l
				l
				l
				l
				l
				l
				l
				l
				l
				l
				}
   
    \\
     \toprule
    &\textbf{Y C1} & \textbf{Y C2} & \textbf{Y C3} & \textbf{Y I1} & \textbf{Y I2} & \textbf{Y I3} &  \textbf{M C1}&  \textbf{M C2} &  \textbf{M C3} &  \textbf{M I1}&  \textbf{M I2}&  \textbf{M I3}\\
    \midrule
\textbf{Y C1} &   1.00 & 0.96 & 0.96 & 0.93 & 0.91 & 0.93 & 0.66 & 0.67 & 0.66 & 0.55 & 0.58 & 0.57\\
\textbf{Y C2} &  0.96 & 1.00 & 0.97 & 0.94 & 0.91 & 0.93 & 0.67 & 0.67 & 0.67 & 0.55 & 0.59 & 0.58\\
 \textbf{Y C3} & 0.96 & 0.97 & 1.00 & 0.94 & 0.91 & 0.93 & 0.66 & 0.67 & 0.66 & 0.55 & 0.58 & 0.57\\
 \textbf{Y I1} & 0.93 & 0.94 & 0.94 & 1.00 & 0.90 & 0.92 & 0.62 & 0.63 & 0.63 & 0.53 & 0.56 & 0.55\\
\textbf{Y I2} &  0.91 & 0.91 & 0.91 & 0.90 & 1.00 & 0.90 & 0.60 & 0.61 & 0.60 & 0.51 & 0.54 & 0.54\\
  \textbf{Y I3} & 0.93 & 0.93 & 0.93 & 0.92 & 0.90 & 1.00 & 0.61 & 0.62 & 0.62 & 0.52 & 0.55 & 0.54\\
 \textbf{M C1}&  0.66 & 0.67 & 0.66 & 0.62 & 0.60 & 0.61 & 1.00 & 0.97 & 0.91 & 0.79 & 0.82 & 0.76\\
\textbf{M C2}&  0.67 & 0.67 & 0.67 & 0.63 & 0.61 & 0.62 & 0.97 & 1.00 & 0.91 & 0.79 & 0.83 & 0.77\\
 \textbf{M C3} &  0.66 & 0.67 & 0.66 & 0.63 & 0.60 & 0.62 & 0.91 & 0.91 & 1.00 & 0.74 & 0.77 & 0.73\\
 \textbf{M I1} & 0.55 & 0.55 & 0.55 & 0.53 & 0.51 & 0.52 & 0.79 & 0.79 & 0.74 & 1.00 & 0.69 & 0.65\\
  \textbf{M I2} & 0.58 & 0.59 & 0.58 & 0.56 & 0.54 & 0.55 & 0.82 & 0.83 & 0.77 & 0.69 & 1.00 & 0.68\\
 \textbf{M I3} &  0.57 & 0.58 & 0.57 & 0.55 & 0.54 & 0.54 & 0.76 & 0.77 & 0.73 & 0.65 & 0.68 & 1.00\\
    \bottomrule
    \end{tabular}%
    \label{tab:corr}%
\end{table}

