% Table generated by Excel2LaTeX from sheet 'Sheet1'
%
\begin{table}
   \tiny
   \centering
   \noindent
    \caption[Pearson's {\it r} between replicated TraDIS experiments]{\textbf{Pearson's \textit{r} between replicated TraDIS experiments.} Correlations of reads over genic and non-coding RNA features between replicated control and infection assays, rounded down to nearest hundredth. Y: \textit{S.} Typhi; M: \textit{S.} Typhimurium; C: Control; I: Infection. }
    \begin{tabular}{ l
    				l
				l
				l
				l
				l
				l
				l
				l
				l
				l
				l
				l
				}
   
    \\
     \toprule
    &\textbf{Y C1} & \textbf{Y C2} & \textbf{Y C3} & \textbf{Y I1} & \textbf{Y I2} & \textbf{Y I3} &  \textbf{M C1}&  \textbf{M C2} &  \textbf{M C3} &  \textbf{M I1}&  \textbf{M I2}&  \textbf{M I3}\\
    \midrule
\textbf{Y C1} &   1.00 & 0.99 & 0.99 & 0.65 & 0.69 & 0.72 & 0.43 & 0.43 & 0.48 & 0.34 & 0.39 & 0.43\\
\textbf{Y C2} &  0.99 & 1.00 & 0.99 & 0.65 & 0.70 & 0.72 & 0.42 & 0.43 & 0.48 & 0.33 & 0.39 & 0.43\\
 \textbf{Y C3} & 0.99 & 0.99 & 1.00 & 0.67 & 0.71 & 0.74 & 0.44 & 0.44 & 0.49 & 0.34 & 0.40 & 0.45\\
 \textbf{Y I1} & 0.65 & 0.65 & 0.67 & 1.00 & 0.99 & 0.99 & 0.26 & 0.28 & 0.32 & 0.30 & 0.31 & 0.49\\
\textbf{Y I2} &  0.69 & 0.70 & 0.71 & 0.99 & 1.00 & 0.99 & 0.28 & 0.28 & 0.34 & 0.31 & 0.33 & 0.49\\
  \textbf{Y I3} & 0.72 & 0.72 & 0.74 & 0.99 & 0.99 & 1.00 & 0.29 & 0.29 & 0.35 & 0.31 & 0.33 & 0.50\\
 \textbf{M C1}&  0.43 & 0.42 & 0.44 & 0.26 & 0.28 & 0.29 & 1.00 & 0.99 & 0.93 & 0.74 & 0.85 & 0.76\\
\textbf{M C2}&  0.43 & 0.43 & 0.44 & 0.26 & 0.28 & 0.29 & 0.99 & 1.00 & 0.93 & 0.73 & 0.85 & 0.77\\
 \textbf{M C3} &  0.48 & 0.48 & 0.49 & 0.32 & 0.34 & 0.35 & 0.93 & 0.93 & 1.00 & 0.69 & 0.80 & 0.75\\
 \textbf{M I1} & 0.34 & 0.33 & 0.34 & 0.30 & 0.31 & 0.31 & 0.74 & 0.73 & 0.69 & 1.00 & 0.74 & 0.68\\
  \textbf{M I2} & 0.39 & 0.39 & 0.40 & 0.31 & 0.33 & 0.31 & 0.85 & 0.85 & 0.80 & 0.74 & 1.00 & 0.72\\
 \textbf{M I3} &  0.43 & 0.43 & 0.45 & 0.49 & 0.49 & 0.50 & 0.76 & 0.75 & 0.75 & 0.68 & 0.72 & 1.00\\
    \bottomrule
    \end{tabular}%
    \label{tab:pear}%
\end{table}

